0 0 0
-1 1 31
1 32 126
-1 127 127
-1 128 159
1 160 172
0 173 173
1 174 767
0 768 879
1 880 887
-1 888 889
1 890 895
-1 896 899
1 900 906
-1 907 907
1 908 908
-1 909 909
1 910 929
-1 930 930
1 931 1154
0 1155 1161
1 1162 1327
-1 1328 1328
1 1329 1366
-1 1367 1368
1 1369 1375
-1 1376 1376
1 1377 1415
-1 1416 1416
1 1417 1418
-1 1419 1420
1 1421 1423
-1 1424 1424
0 1425 1469
1 1470 1470
0 1471 1471
1 1472 1472
0 1473 1474
1 1475 1475
0 1476 1477
1 1478 1478
0 1479 1479
-1 1480 1487
1 1488 1514
-1 1515 1519
1 1520 1524
-1 1525 1535
0 1536 1541
1 1542 1551
0 1552 1562
1 1563 1563
0 1564 1564
-1 1565 1565
1 1566 1610
0 1611 1631
1 1632 1647
0 1648 1648
1 1649 1749
0 1750 1757
1 1758 1758
0 1759 1764
1 1765 1766
0 1767 1768
1 1769 1769
0 1770 1773
1 1774 1805
-1 1806 1806
0 1807 1807
1 1808 1808
0 1809 1809
1 1810 1839
0 1840 1866
-1 1867 1868
1 1869 1957
0 1958 1968
1 1969 1969
-1 1970 1983
1 1984 2026
0 2027 2035
1 2036 2042
-1 2043 2047
1 2048 2069
0 2070 2073
1 2074 2074
0 2075 2083
1 2084 2084
0 2085 2087
1 2088 2088
0 2089 2093
-1 2094 2095
1 2096 2110
-1 2111 2111
1 2112 2136
0 2137 2139
-1 2140 2141
1 2142 2142
-1 2143 2207
1 2208 2228
-1 2229 2229
1 2230 2237
-1 2238 2259
0 2260 2306
1 2307 2361
0 2362 2362
1 2363 2363
0 2364 2364
1 2365 2368
0 2369 2376
1 2377 2380
0 2381 2381
1 2382 2384
0 2385 2391
1 2392 2401
0 2402 2403
1 2404 2432
0 2433 2433
1 2434 2435
-1 2436 2436
1 2437 2444
-1 2445 2446
1 2447 2448
-1 2449 2450
1 2451 2472
-1 2473 2473
1 2474 2480
-1 2481 2481
1 2482 2482
-1 2483 2485
1 2486 2489
-1 2490 2491
0 2492 2492
1 2493 2496
0 2497 2500
-1 2501 2502
1 2503 2504
-1 2505 2506
1 2507 2508
0 2509 2509
1 2510 2510
-1 2511 2518
1 2519 2519
-1 2520 2523
1 2524 2525
-1 2526 2526
1 2527 2529
0 2530 2531
-1 2532 2533
1 2534 2555
-1 2556 2560
0 2561 2562
1 2563 2563
-1 2564 2564
1 2565 2570
-1 2571 2574
1 2575 2576
-1 2577 2578
1 2579 2600
-1 2601 2601
1 2602 2608
-1 2609 2609
1 2610 2611
-1 2612 2612
1 2613 2614
-1 2615 2615
1 2616 2617
-1 2618 2619
0 2620 2620
-1 2621 2621
1 2622 2624
0 2625 2626
-1 2627 2630
0 2631 2632
-1 2633 2634
0 2635 2637
-1 2638 2640
0 2641 2641
-1 2642 2648
1 2649 2652
-1 2653 2653
1 2654 2654
-1 2655 2661
1 2662 2671
0 2672 2673
1 2674 2676
0 2677 2677
-1 2678 2688
0 2689 2690
1 2691 2691
-1 2692 2692
1 2693 2701
-1 2702 2702
1 2703 2705
-1 2706 2706
1 2707 2728
-1 2729 2729
1 2730 2736
-1 2737 2737
1 2738 2739
-1 2740 2740
1 2741 2745
-1 2746 2747
0 2748 2748
1 2749 2752
0 2753 2757
-1 2758 2758
0 2759 2760
1 2761 2761
-1 2762 2762
1 2763 2764
0 2765 2765
-1 2766 2767
1 2768 2768
-1 2769 2783
1 2784 2785
0 2786 2787
-1 2788 2789
1 2790 2801
-1 2802 2808
1 2809 2809
-1 2810 2816
0 2817 2817
1 2818 2819
-1 2820 2820
1 2821 2828
-1 2829 2830
1 2831 2832
-1 2833 2834
1 2835 2856
-1 2857 2857
1 2858 2864
-1 2865 2865
1 2866 2867
-1 2868 2868
1 2869 2873
-1 2874 2875
0 2876 2876
1 2877 2878
0 2879 2879
1 2880 2880
0 2881 2884
-1 2885 2886
1 2887 2888
-1 2889 2890
1 2891 2892
0 2893 2893
-1 2894 2901
0 2902 2902
1 2903 2903
-1 2904 2907
1 2908 2909
-1 2910 2910
1 2911 2913
0 2914 2915
-1 2916 2917
1 2918 2935
-1 2936 2945
0 2946 2946
1 2947 2947
-1 2948 2948
1 2949 2954
-1 2955 2957
1 2958 2960
-1 2961 2961
1 2962 2965
-1 2966 2968
1 2969 2970
-1 2971 2971
1 2972 2972
-1 2973 2973
1 2974 2975
-1 2976 2978
1 2979 2980
-1 2981 2983
1 2984 2986
-1 2987 2989
1 2990 3001
-1 3002 3005
1 3006 3007
0 3008 3008
1 3009 3010
-1 3011 3013
1 3014 3016
-1 3017 3017
1 3018 3020
0 3021 3021
-1 3022 3023
1 3024 3024
-1 3025 3030
1 3031 3031
-1 3032 3045
1 3046 3066
-1 3067 3071
0 3072 3072
1 3073 3075
-1 3076 3076
1 3077 3084
-1 3085 3085
1 3086 3088
-1 3089 3089
1 3090 3112
-1 3113 3113
1 3114 3129
-1 3130 3132
1 3133 3133
0 3134 3136
1 3137 3140
-1 3141 3141
0 3142 3144
-1 3145 3145
0 3146 3149
-1 3150 3156
0 3157 3158
-1 3159 3159
1 3160 3162
-1 3163 3167
1 3168 3169
0 3170 3171
-1 3172 3173
1 3174 3183
-1 3184 3191
1 3192 3200
0 3201 3201
1 3202 3203
-1 3204 3204
1 3205 3212
-1 3213 3213
1 3214 3216
-1 3217 3217
1 3218 3240
-1 3241 3241
1 3242 3251
-1 3252 3252
1 3253 3257
-1 3258 3259
0 3260 3260
1 3261 3268
-1 3269 3269
1 3270 3272
-1 3273 3273
1 3274 3275
0 3276 3277
-1 3278 3284
1 3285 3286
-1 3287 3293
1 3294 3294
-1 3295 3295
1 3296 3297
0 3298 3299
-1 3300 3301
1 3302 3311
-1 3312 3312
1 3313 3314
-1 3315 3328
0 3329 3329
1 3330 3331
-1 3332 3332
1 3333 3340
-1 3341 3341
1 3342 3344
-1 3345 3345
1 3346 3386
-1 3387 3388
1 3389 3392
0 3393 3396
-1 3397 3397
1 3398 3400
-1 3401 3401
1 3402 3404
0 3405 3405
1 3406 3407
-1 3408 3411
1 3412 3425
0 3426 3427
-1 3428 3429
1 3430 3455
-1 3456 3457
1 3458 3459
-1 3460 3460
1 3461 3478
-1 3479 3481
1 3482 3505
-1 3506 3506
1 3507 3515
-1 3516 3516
1 3517 3517
-1 3518 3519
1 3520 3526
-1 3527 3529
0 3530 3530
-1 3531 3534
1 3535 3537
0 3538 3540
-1 3541 3541
0 3542 3542
-1 3543 3543
1 3544 3551
-1 3552 3557
1 3558 3567
-1 3568 3569
1 3570 3572
-1 3573 3584
1 3585 3632
0 3633 3633
1 3634 3635
0 3636 3642
-1 3643 3646
1 3647 3654
0 3655 3662
1 3663 3675
-1 3676 3712
1 3713 3714
-1 3715 3715
1 3716 3716
-1 3717 3718
1 3719 3720
-1 3721 3721
1 3722 3722
-1 3723 3724
1 3725 3725
-1 3726 3731
1 3732 3735
-1 3736 3736
1 3737 3743
-1 3744 3744
1 3745 3747
-1 3748 3748
1 3749 3749
-1 3750 3750
1 3751 3751
-1 3752 3753
1 3754 3755
-1 3756 3756
1 3757 3760
0 3761 3761
1 3762 3763
0 3764 3769
-1 3770 3770
0 3771 3772
1 3773 3773
-1 3774 3775
1 3776 3780
-1 3781 3781
1 3782 3782
-1 3783 3783
0 3784 3789
-1 3790 3791
1 3792 3801
-1 3802 3803
1 3804 3807
-1 3808 3839
1 3840 3863
0 3864 3865
1 3866 3892
0 3893 3893
1 3894 3894
0 3895 3895
1 3896 3896
0 3897 3897
1 3898 3911
-1 3912 3912
1 3913 3948
-1 3949 3952
0 3953 3966
1 3967 3967
0 3968 3972
1 3973 3973
0 3974 3975
1 3976 3980
0 3981 3991
-1 3992 3992
0 3993 4028
-1 4029 4029
1 4030 4037
0 4038 4038
1 4039 4044
-1 4045 4045
1 4046 4058
-1 4059 4095
1 4096 4140
0 4141 4144
1 4145 4145
0 4146 4151
1 4152 4152
0 4153 4154
1 4155 4156
0 4157 4158
1 4159 4183
0 4184 4185
1 4186 4189
0 4190 4192
1 4193 4208
0 4209 4212
1 4213 4225
0 4226 4226
1 4227 4228
0 4229 4230
1 4231 4236
0 4237 4237
1 4238 4252
0 4253 4253
1 4254 4293
-1 4294 4294
1 4295 4295
-1 4296 4300
1 4301 4301
-1 4302 4303
1 4304 4351
2 4352 4447
1 4448 4680
-1 4681 4681
1 4682 4685
-1 4686 4687
1 4688 4694
-1 4695 4695
1 4696 4696
-1 4697 4697
1 4698 4701
-1 4702 4703
1 4704 4744
-1 4745 4745
1 4746 4749
-1 4750 4751
1 4752 4784
-1 4785 4785
1 4786 4789
-1 4790 4791
1 4792 4798
-1 4799 4799
1 4800 4800
-1 4801 4801
1 4802 4805
-1 4806 4807
1 4808 4822
-1 4823 4823
1 4824 4880
-1 4881 4881
1 4882 4885
-1 4886 4887
1 4888 4954
-1 4955 4956
0 4957 4959
1 4960 4988
-1 4989 4991
1 4992 5017
-1 5018 5023
1 5024 5109
-1 5110 5111
1 5112 5117
-1 5118 5119
1 5120 5788
-1 5789 5791
1 5792 5880
-1 5881 5887
1 5888 5900
-1 5901 5901
1 5902 5905
0 5906 5908
-1 5909 5919
1 5920 5937
0 5938 5940
1 5941 5942
-1 5943 5951
1 5952 5969
0 5970 5971
-1 5972 5983
1 5984 5996
-1 5997 5997
1 5998 6000
-1 6001 6001
0 6002 6003
-1 6004 6015
1 6016 6067
0 6068 6069
1 6070 6070
0 6071 6077
1 6078 6085
0 6086 6086
1 6087 6088
0 6089 6099
1 6100 6108
0 6109 6109
-1 6110 6111
1 6112 6121
-1 6122 6127
1 6128 6137
-1 6138 6143
1 6144 6154
0 6155 6158
-1 6159 6159
1 6160 6169
-1 6170 6175
1 6176 6263
-1 6264 6271
1 6272 6276
0 6277 6278
1 6279 6312
0 6313 6313
1 6314 6314
-1 6315 6319
1 6320 6389
-1 6390 6399
1 6400 6430
-1 6431 6431
0 6432 6434
1 6435 6438
0 6439 6440
1 6441 6443
-1 6444 6447
1 6448 6449
0 6450 6450
1 6451 6456
0 6457 6459
-1 6460 6463
1 6464 6464
-1 6465 6467
1 6468 6509
-1 6510 6511
1 6512 6516
-1 6517 6527
1 6528 6571
-1 6572 6575
1 6576 6601
-1 6602 6607
1 6608 6618
-1 6619 6621
1 6622 6678
0 6679 6680
1 6681 6682
0 6683 6683
-1 6684 6685
1 6686 6741
0 6742 6742
1 6743 6743
0 6744 6750
-1 6751 6751
0 6752 6752
1 6753 6753
0 6754 6754
1 6755 6756
0 6757 6764
1 6765 6770
0 6771 6780
-1 6781 6782
0 6783 6783
1 6784 6793
-1 6794 6799
1 6800 6809
-1 6810 6815
1 6816 6829
-1 6830 6831
0 6832 6846
-1 6847 6911
0 6912 6915
1 6916 6963
0 6964 6964
1 6965 6965
0 6966 6970
1 6971 6971
0 6972 6972
1 6973 6977
0 6978 6978
1 6979 6987
-1 6988 6991
1 6992 7018
0 7019 7027
1 7028 7036
-1 7037 7039
0 7040 7041
1 7042 7073
0 7074 7077
1 7078 7079
0 7080 7081
1 7082 7082
0 7083 7085
1 7086 7141
0 7142 7142
1 7143 7143
0 7144 7145
1 7146 7148
0 7149 7149
1 7150 7150
0 7151 7153
1 7154 7155
-1 7156 7163
1 7164 7211
0 7212 7219
1 7220 7221
0 7222 7223
-1 7224 7226
1 7227 7241
-1 7242 7244
1 7245 7304
-1 7305 7359
1 7360 7367
-1 7368 7375
0 7376 7378
1 7379 7379
0 7380 7392
1 7393 7393
0 7394 7400
1 7401 7404
0 7405 7405
1 7406 7411
0 7412 7412
1 7413 7414
-1 7415 7415
0 7416 7417
-1 7418 7423
1 7424 7615
0 7616 7669
-1 7670 7674
0 7675 7679
1 7680 7957
-1 7958 7959
1 7960 7965
-1 7966 7967
1 7968 8005
-1 8006 8007
1 8008 8013
-1 8014 8015
1 8016 8023
-1 8024 8024
1 8025 8025
-1 8026 8026
1 8027 8027
-1 8028 8028
1 8029 8029
-1 8030 8030
1 8031 8061
-1 8062 8063
1 8064 8116
-1 8117 8117
1 8118 8132
-1 8133 8133
1 8134 8147
-1 8148 8149
1 8150 8155
-1 8156 8156
1 8157 8175
-1 8176 8177
1 8178 8180
-1 8181 8181
1 8182 8190
-1 8191 8191
1 8192 8202
0 8203 8207
1 8208 8231
-1 8232 8233
0 8234 8238
1 8239 8287
0 8288 8292
-1 8293 8293
0 8294 8303
1 8304 8305
-1 8306 8307
1 8308 8334
-1 8335 8335
1 8336 8348
-1 8349 8351
1 8352 8382
-1 8383 8399
0 8400 8432
-1 8433 8447
1 8448 8587
-1 8588 8591
1 8592 8985
2 8986 8987
1 8988 9000
2 9001 9002
1 9003 9192
2 9193 9196
1 9197 9199
2 9200 9200
1 9201 9202
2 9203 9203
1 9204 9214
-1 9215 9215
1 9216 9254
-1 9255 9279
1 9280 9290
-1 9291 9311
1 9312 9724
2 9725 9726
1 9727 9747
2 9748 9749
1 9750 9799
2 9800 9811
1 9812 9854
2 9855 9855
1 9856 9874
2 9875 9875
1 9876 9888
2 9889 9889
1 9890 9897
2 9898 9899
1 9900 9916
2 9917 9918
1 9919 9923
2 9924 9925
1 9926 9933
2 9934 9934
1 9935 9939
2 9940 9940
1 9941 9961
2 9962 9962
1 9963 9969
2 9970 9971
1 9972 9972
2 9973 9973
1 9974 9977
2 9978 9978
1 9979 9980
2 9981 9981
1 9982 9988
2 9989 9989
1 9990 9993
2 9994 9995
1 9996 10023
2 10024 10024
1 10025 10059
2 10060 10060
1 10061 10061
2 10062 10062
1 10063 10066
2 10067 10069
1 10070 10070
2 10071 10071
1 10072 10132
2 10133 10135
1 10136 10159
2 10160 10160
1 10161 10174
2 10175 10175
1 10176 11034
2 11035 11036
1 11037 11087
2 11088 11088
1 11089 11092
2 11093 11093
1 11094 11123
-1 11124 11125
1 11126 11157
-1 11158 11159
1 11160 11193
-1 11194 11196
1 11197 11208
-1 11209 11209
1 11210 11217
-1 11218 11243
1 11244 11247
-1 11248 11263
1 11264 11310
-1 11311 11311
1 11312 11358
-1 11359 11359
1 11360 11502
0 11503 11505
1 11506 11507
-1 11508 11512
1 11513 11557
-1 11558 11558
1 11559 11559
-1 11560 11564
1 11565 11565
-1 11566 11567
1 11568 11623
-1 11624 11630
1 11631 11632
-1 11633 11646
0 11647 11647
1 11648 11670
-1 11671 11679
1 11680 11686
-1 11687 11687
1 11688 11694
-1 11695 11695
1 11696 11702
-1 11703 11703
1 11704 11710
-1 11711 11711
1 11712 11718
-1 11719 11719
1 11720 11726
-1 11727 11727
1 11728 11734
-1 11735 11735
1 11736 11742
-1 11743 11743
0 11744 11775
1 11776 11844
-1 11845 11903
2 11904 11929
-1 11930 11930
2 11931 12019
-1 12020 12031
2 12032 12245
-1 12246 12271
2 12272 12283
-1 12284 12287
2 12288 12350
1 12351 12351
-1 12352 12352
2 12353 12438
-1 12439 12440
2 12441 12543
-1 12544 12548
2 12549 12589
-1 12590 12592
2 12593 12686
-1 12687 12687
2 12688 12730
-1 12731 12735
2 12736 12771
-1 12772 12783
2 12784 12830
-1 12831 12831
2 12832 12871
1 12872 12879
2 12880 13054
-1 13055 13055
2 13056 19893
-1 19894 19903
1 19904 19967
2 19968 40917
-1 40918 40959
2 40960 42124
-1 42125 42127
2 42128 42182
-1 42183 42191
1 42192 42539
-1 42540 42559
1 42560 42606
0 42607 42610
1 42611 42611
0 42612 42621
1 42622 42653
0 42654 42655
1 42656 42735
0 42736 42737
1 42738 42743
-1 42744 42751
1 42752 42926
-1 42927 42927
1 42928 42935
-1 42936 42998
1 42999 43009
0 43010 43010
1 43011 43013
0 43014 43014
1 43015 43018
0 43019 43019
1 43020 43044
0 43045 43046
1 43047 43051
-1 43052 43055
1 43056 43065
-1 43066 43071
1 43072 43127
-1 43128 43135
1 43136 43203
0 43204 43205
-1 43206 43213
1 43214 43225
-1 43226 43231
0 43232 43249
1 43250 43261
-1 43262 43263
1 43264 43301
0 43302 43309
1 43310 43334
0 43335 43345
1 43346 43347
-1 43348 43358
1 43359 43359
2 43360 43388
-1 43389 43391
0 43392 43394
1 43395 43442
0 43443 43443
1 43444 43445
0 43446 43449
1 43450 43451
0 43452 43452
1 43453 43469
-1 43470 43470
1 43471 43481
-1 43482 43485
1 43486 43492
0 43493 43493
1 43494 43518
-1 43519 43519
1 43520 43560
0 43561 43566
1 43567 43568
0 43569 43570
1 43571 43572
0 43573 43574
-1 43575 43583
1 43584 43586
0 43587 43587
1 43588 43595
0 43596 43596
1 43597 43597
-1 43598 43599
1 43600 43609
-1 43610 43611
1 43612 43643
0 43644 43644
1 43645 43695
0 43696 43696
1 43697 43697
0 43698 43700
1 43701 43702
0 43703 43704
1 43705 43709
0 43710 43711
1 43712 43712
0 43713 43713
1 43714 43714
-1 43715 43738
1 43739 43755
0 43756 43757
1 43758 43765
0 43766 43766
-1 43767 43776
1 43777 43782
-1 43783 43784
1 43785 43790
-1 43791 43792
1 43793 43798
-1 43799 43807
1 43808 43814
-1 43815 43815
1 43816 43822
-1 43823 43823
1 43824 43877
-1 43878 43887
1 43888 44004
0 44005 44005
1 44006 44007
0 44008 44008
1 44009 44012
0 44013 44013
-1 44014 44015
1 44016 44025
-1 44026 44031
2 44032 55203
-1 55204 55215
1 55216 55238
-1 55239 55242
1 55243 55291
-1 55292 55295
-1 55296 57343
1 57344 63743
2 63744 64109
-1 64110 64111
2 64112 64217
-1 64218 64255
1 64256 64262
-1 64263 64274
1 64275 64279
-1 64280 64284
1 64285 64285
0 64286 64286
1 64287 64310
-1 64311 64311
1 64312 64316
-1 64317 64317
1 64318 64318
-1 64319 64319
1 64320 64321
-1 64322 64322
1 64323 64324
-1 64325 64325
1 64326 64449
-1 64450 64466
1 64467 64831
-1 64832 64847
1 64848 64911
-1 64912 64913
1 64914 64967
-1 64968 65007
1 65008 65021
-1 65022 65023
0 65024 65039
2 65040 65049
-1 65050 65055
0 65056 65071
2 65072 65106
-1 65107 65107
2 65108 65126
-1 65127 65127
2 65128 65131
-1 65132 65135
1 65136 65140
-1 65141 65141
1 65142 65276
-1 65277 65278
0 65279 65279
-1 65280 65280
2 65281 65376
1 65377 65470
-1 65471 65473
1 65474 65479
-1 65480 65481
1 65482 65487
-1 65488 65489
1 65490 65495
-1 65496 65497
1 65498 65500
-1 65501 65503
2 65504 65510
-1 65511 65511
1 65512 65518
-1 65519 65528
0 65529 65531
1 65532 65533
-1 65534 65535
1 65536 65547
-1 65548 65548
1 65549 65574
-1 65575 65575
1 65576 65594
-1 65595 65595
1 65596 65597
-1 65598 65598
1 65599 65613
-1 65614 65615
1 65616 65629
-1 65630 65663
1 65664 65786
-1 65787 65791
1 65792 65794
-1 65795 65798
1 65799 65843
-1 65844 65846
1 65847 65934
-1 65935 65935
1 65936 65947
-1 65948 65951
1 65952 65952
-1 65953 65999
1 66000 66044
0 66045 66045
-1 66046 66175
1 66176 66204
-1 66205 66207
1 66208 66256
-1 66257 66271
0 66272 66272
1 66273 66299
-1 66300 66303
1 66304 66339
-1 66340 66351
1 66352 66378
-1 66379 66383
1 66384 66421
0 66422 66426
-1 66427 66431
1 66432 66461
-1 66462 66462
1 66463 66499
-1 66500 66503
1 66504 66517
-1 66518 66559
1 66560 66717
-1 66718 66719
1 66720 66729
-1 66730 66735
1 66736 66771
-1 66772 66775
1 66776 66811
-1 66812 66815
1 66816 66855
-1 66856 66863
1 66864 66915
-1 66916 66926
1 66927 66927
-1 66928 67071
1 67072 67382
-1 67383 67391
1 67392 67413
-1 67414 67423
1 67424 67431
-1 67432 67583
1 67584 67589
-1 67590 67591
1 67592 67592
-1 67593 67593
1 67594 67637
-1 67638 67638
1 67639 67640
-1 67641 67643
1 67644 67644
-1 67645 67646
1 67647 67669
-1 67670 67670
1 67671 67742
-1 67743 67750
1 67751 67759
-1 67760 67807
1 67808 67826
-1 67827 67827
1 67828 67829
-1 67830 67834
1 67835 67867
-1 67868 67870
1 67871 67897
-1 67898 67902
1 67903 67903
-1 67904 67967
1 67968 68023
-1 68024 68027
1 68028 68047
-1 68048 68049
1 68050 68096
0 68097 68099
-1 68100 68100
0 68101 68102
-1 68103 68107
0 68108 68111
1 68112 68115
-1 68116 68116
1 68117 68119
-1 68120 68120
1 68121 68147
-1 68148 68151
0 68152 68154
-1 68155 68158
0 68159 68159
1 68160 68167
-1 68168 68175
1 68176 68184
-1 68185 68191
1 68192 68255
-1 68256 68287
1 68288 68324
0 68325 68326
-1 68327 68330
1 68331 68342
-1 68343 68351
1 68352 68405
-1 68406 68408
1 68409 68437
-1 68438 68439
1 68440 68466
-1 68467 68471
1 68472 68497
-1 68498 68504
1 68505 68508
-1 68509 68520
1 68521 68527
-1 68528 68607
1 68608 68680
-1 68681 68735
1 68736 68786
-1 68787 68799
1 68800 68850
-1 68851 68857
1 68858 68863
-1 68864 69215
1 69216 69246
-1 69247 69631
1 69632 69632
0 69633 69633
1 69634 69687
0 69688 69702
1 69703 69709
-1 69710 69713
1 69714 69743
-1 69744 69758
0 69759 69761
1 69762 69810
0 69811 69814
1 69815 69816
0 69817 69818
1 69819 69820
0 69821 69821
1 69822 69825
-1 69826 69839
1 69840 69864
-1 69865 69871
1 69872 69881
-1 69882 69887
0 69888 69890
1 69891 69926
0 69927 69931
1 69932 69932
0 69933 69940
-1 69941 69941
1 69942 69955
-1 69956 69967
1 69968 70002
0 70003 70003
1 70004 70006
-1 70007 70015
0 70016 70017
1 70018 70069
0 70070 70078
1 70079 70089
0 70090 70092
1 70093 70093
-1 70094 70095
1 70096 70111
-1 70112 70112
1 70113 70132
-1 70133 70143
1 70144 70161
-1 70162 70162
1 70163 70190
0 70191 70193
1 70194 70195
0 70196 70196
1 70197 70197
0 70198 70199
1 70200 70205
0 70206 70206
-1 70207 70271
1 70272 70278
-1 70279 70279
1 70280 70280
-1 70281 70281
1 70282 70285
-1 70286 70286
1 70287 70301
-1 70302 70302
1 70303 70313
-1 70314 70319
1 70320 70366
0 70367 70367
1 70368 70370
0 70371 70378
-1 70379 70383
1 70384 70393
-1 70394 70399
0 70400 70401
1 70402 70403
-1 70404 70404
1 70405 70412
-1 70413 70414
1 70415 70416
-1 70417 70418
1 70419 70440
-1 70441 70441
1 70442 70448
-1 70449 70449
1 70450 70451
-1 70452 70452
1 70453 70457
-1 70458 70459
0 70460 70460
1 70461 70463
0 70464 70464
1 70465 70468
-1 70469 70470
1 70471 70472
-1 70473 70474
1 70475 70477
-1 70478 70479
1 70480 70480
-1 70481 70486
1 70487 70487
-1 70488 70492
1 70493 70499
-1 70500 70501
0 70502 70508
-1 70509 70511
0 70512 70516
-1 70517 70655
1 70656 70711
0 70712 70719
1 70720 70721
0 70722 70724
1 70725 70725
0 70726 70726
1 70727 70745
-1 70746 70746
1 70747 70747
-1 70748 70748
1 70749 70749
-1 70750 70783
1 70784 70834
0 70835 70840
1 70841 70841
0 70842 70842
1 70843 70846
0 70847 70848
1 70849 70849
0 70850 70851
1 70852 70855
-1 70856 70863
1 70864 70873
-1 70874 71039
1 71040 71089
0 71090 71093
-1 71094 71095
1 71096 71099
0 71100 71101
1 71102 71102
0 71103 71104
1 71105 71131
0 71132 71133
-1 71134 71167
1 71168 71218
0 71219 71226
1 71227 71228
0 71229 71229
1 71230 71230
0 71231 71232
1 71233 71236
-1 71237 71247
1 71248 71257
-1 71258 71263
1 71264 71276
-1 71277 71295
1 71296 71338
0 71339 71339
1 71340 71340
0 71341 71341
1 71342 71343
0 71344 71349
1 71350 71350
0 71351 71351
-1 71352 71359
1 71360 71369
-1 71370 71423
1 71424 71449
-1 71450 71452
0 71453 71455
1 71456 71457
0 71458 71461
1 71462 71462
0 71463 71467
-1 71468 71471
1 71472 71487
-1 71488 71839
1 71840 71922
-1 71923 71934
1 71935 71935
-1 71936 72383
1 72384 72440
-1 72441 72703
1 72704 72712
-1 72713 72713
1 72714 72751
0 72752 72758
-1 72759 72759
0 72760 72765
1 72766 72773
-1 72774 72783
1 72784 72812
-1 72813 72815
1 72816 72847
-1 72848 72849
0 72850 72871
-1 72872 72872
1 72873 72873
0 72874 72880
1 72881 72881
0 72882 72883
1 72884 72884
0 72885 72886
-1 72887 73727
1 73728 74649
-1 74650 74751
1 74752 74862
-1 74863 74863
1 74864 74868
-1 74869 74879
1 74880 75075
-1 75076 77823
1 77824 78894
-1 78895 82943
1 82944 83526
-1 83527 92159
1 92160 92728
-1 92729 92735
1 92736 92766
-1 92767 92767
1 92768 92777
-1 92778 92781
1 92782 92783
-1 92784 92879
1 92880 92909
-1 92910 92911
0 92912 92916
1 92917 92917
-1 92918 92927
1 92928 92975
0 92976 92982
1 92983 92997
-1 92998 93007
1 93008 93017
-1 93018 93018
1 93019 93025
-1 93026 93026
1 93027 93047
-1 93048 93052
1 93053 93071
-1 93072 93951
1 93952 94020
-1 94021 94031
1 94032 94078
-1 94079 94094
0 94095 94098
1 94099 94111
-1 94112 94175
2 94176 94176
-1 94177 94207
2 94208 100332
-1 100333 100351
2 100352 101106
-1 101107 110591
2 110592 110593
-1 110594 113663
1 113664 113770
-1 113771 113775
1 113776 113788
-1 113789 113791
1 113792 113800
-1 113801 113807
1 113808 113817
-1 113818 113819
1 113820 113820
0 113821 113822
1 113823 113823
0 113824 113827
-1 113828 118783
1 118784 119029
-1 119030 119039
1 119040 119078
-1 119079 119080
1 119081 119142
0 119143 119145
1 119146 119154
0 119155 119170
1 119171 119172
0 119173 119179
1 119180 119209
0 119210 119213
1 119214 119272
-1 119273 119295
1 119296 119361
0 119362 119364
1 119365 119365
-1 119366 119551
1 119552 119638
-1 119639 119647
1 119648 119665
-1 119666 119807
1 119808 119892
-1 119893 119893
1 119894 119964
-1 119965 119965
1 119966 119967
-1 119968 119969
1 119970 119970
-1 119971 119972
1 119973 119974
-1 119975 119976
1 119977 119980
-1 119981 119981
1 119982 119993
-1 119994 119994
1 119995 119995
-1 119996 119996
1 119997 120003
-1 120004 120004
1 120005 120069
-1 120070 120070
1 120071 120074
-1 120075 120076
1 120077 120084
-1 120085 120085
1 120086 120092
-1 120093 120093
1 120094 120121
-1 120122 120122
1 120123 120126
-1 120127 120127
1 120128 120132
-1 120133 120133
1 120134 120134
-1 120135 120137
1 120138 120144
-1 120145 120145
1 120146 120485
-1 120486 120487
1 120488 120779
-1 120780 120781
1 120782 121343
0 121344 121398
1 121399 121402
0 121403 121452
1 121453 121460
0 121461 121461
1 121462 121475
0 121476 121476
1 121477 121483
-1 121484 121498
0 121499 121503
-1 121504 121504
0 121505 121519
-1 121520 122879
0 122880 122886
-1 122887 122887
0 122888 122904
-1 122905 122906
0 122907 122913
-1 122914 122914
0 122915 122916
-1 122917 122917
0 122918 122922
-1 122923 124927
1 124928 125124
-1 125125 125126
1 125127 125135
0 125136 125142
-1 125143 125183
1 125184 125251
0 125252 125258
-1 125259 125263
1 125264 125273
-1 125274 125277
1 125278 125279
-1 125280 126463
1 126464 126467
-1 126468 126468
1 126469 126495
-1 126496 126496
1 126497 126498
-1 126499 126499
1 126500 126500
-1 126501 126502
1 126503 126503
-1 126504 126504
1 126505 126514
-1 126515 126515
1 126516 126519
-1 126520 126520
1 126521 126521
-1 126522 126522
1 126523 126523
-1 126524 126529
1 126530 126530
-1 126531 126534
1 126535 126535
-1 126536 126536
1 126537 126537
-1 126538 126538
1 126539 126539
-1 126540 126540
1 126541 126543
-1 126544 126544
1 126545 126546
-1 126547 126547
1 126548 126548
-1 126549 126550
1 126551 126551
-1 126552 126552
1 126553 126553
-1 126554 126554
1 126555 126555
-1 126556 126556
1 126557 126557
-1 126558 126558
1 126559 126559
-1 126560 126560
1 126561 126562
-1 126563 126563
1 126564 126564
-1 126565 126566
1 126567 126570
-1 126571 126571
1 126572 126578
-1 126579 126579
1 126580 126583
-1 126584 126584
1 126585 126588
-1 126589 126589
1 126590 126590
-1 126591 126591
1 126592 126601
-1 126602 126602
1 126603 126619
-1 126620 126624
1 126625 126627
-1 126628 126628
1 126629 126633
-1 126634 126634
1 126635 126651
-1 126652 126703
1 126704 126705
-1 126706 126975
1 126976 126979
2 126980 126980
1 126981 127019
-1 127020 127023
1 127024 127123
-1 127124 127135
1 127136 127150
-1 127151 127152
1 127153 127167
-1 127168 127168
1 127169 127182
2 127183 127183
-1 127184 127184
1 127185 127221
-1 127222 127231
1 127232 127244
-1 127245 127247
1 127248 127278
-1 127279 127279
1 127280 127339
-1 127340 127343
1 127344 127373
2 127374 127374
1 127375 127376
2 127377 127386
1 127387 127404
-1 127405 127461
1 127462 127487
2 127488 127490
-1 127491 127503
2 127504 127547
-1 127548 127551
2 127552 127560
-1 127561 127567
2 127568 127569
-1 127570 127743
2 127744 127776
1 127777 127788
2 127789 127797
1 127798 127798
2 127799 127868
1 127869 127869
2 127870 127891
1 127892 127903
2 127904 127946
1 127947 127950
2 127951 127955
1 127956 127967
2 127968 127984
1 127985 127987
2 127988 127988
1 127989 127991
2 127992 128062
1 128063 128063
2 128064 128064
1 128065 128065
2 128066 128252
1 128253 128254
2 128255 128317
1 128318 128330
2 128331 128334
1 128335 128335
2 128336 128359
1 128360 128377
2 128378 128378
1 128379 128404
2 128405 128406
1 128407 128419
2 128420 128420
1 128421 128506
2 128507 128591
1 128592 128639
2 128640 128709
1 128710 128715
2 128716 128716
1 128717 128719
2 128720 128722
-1 128723 128735
1 128736 128746
2 128747 128748
-1 128749 128751
1 128752 128755
2 128756 128758
-1 128759 128767
1 128768 128883
-1 128884 128895
1 128896 128980
-1 128981 129023
1 129024 129035
-1 129036 129039
1 129040 129095
-1 129096 129103
1 129104 129113
-1 129114 129119
1 129120 129159
-1 129160 129167
1 129168 129197
-1 129198 129295
2 129296 129310
-1 129311 129311
2 129312 129319
-1 129320 129327
2 129328 129328
-1 129329 129330
2 129331 129342
-1 129343 129343
2 129344 129355
-1 129356 129359
2 129360 129374
-1 129375 129407
2 129408 129425
-1 129426 129471
2 129472 129472
-1 129473 131071
2 131072 173782
-1 173783 173823
2 173824 177972
-1 177973 177983
2 177984 178205
-1 178206 178207
2 178208 183969
-1 183970 194559
2 194560 195101
-1 195102 917504
0 917505 917505
-1 917506 917535
0 917536 917631
-1 917632 917759
0 917760 917999
-1 918000 983039
1 983040 1048573
-1 1048574 1048575
1 1048576 1114109
-1 1114110 1114110
